(0.9680687471732248, 0.9669081319996633, 0.971497779572063, 0.9770992366412213, 0.9659601798330122, array([4686,  212,  141, 6016]))
(0.9685210312075984, 0.9672724256993056, 0.9719218976924318, 0.9782361539710898, 0.965688632355299, array([4684,  214,  134, 6023]))
(0.9694255992763455, 0.9680845095063546, 0.9727507255723961, 0.9798603215851875, 0.9657435569073155, array([4684,  214,  124, 6033]))
(0.9685210312075984, 0.9671680551896001, 0.9719445340212834, 0.9790482377781387, 0.964943172722907, array([4679,  219,  129, 6028]))
(0.968611488014473, 0.9673118858761283, 0.9720138720864585, 0.9787234042553191, 0.9653957065043255, array([4682,  216,  131, 6026]))
(0.9682496607869742, 0.9668826818436033, 0.9717049576783555, 0.9788858210167289, 0.964628681177977, array([4677,  221,  130, 6027]))
(0.968340117593849, 0.9669430161223671, 0.9717923920051579, 0.9792106545395485, 0.9644856822908334, array([4676,  222,  128, 6029]))
(0.968611488014473, 0.9673536340800106, 0.972004840661557, 0.9783985707324996, 0.9656941327348509, array([4684,  214,  133, 6024]))
(0.9679782903663501, 0.966722553109253, 0.9714377924802323, 0.9777489036868605, 0.9652076318742986, array([4681,  217,  137, 6020]))
(0.9681592039800995, 0.9668640957687217, 0.9716083239232134, 0.9782361539710898, 0.9650697003685307, array([4680,  218,  134, 6023]))
(0.9658977838082315, 0.9645207747219832, 0.9696041280335402, 0.9766119863569921, 0.962696125520333, array([4665,  233,  144, 6013]))
(0.9657168701944822, 0.9642331133489268, 0.9694674937565456, 0.9772616534026312, 0.9617966751918159, array([4659,  239,  140, 6017]))
(0.9649932157394844, 0.9634373275897, 0.9688380706981238, 0.9770992366412213, 0.9607154263813478, array([4652,  246,  141, 6016]))
(0.9658073270013569, 0.9640638325063386, 0.9696092619392186, 0.9793730713009583, 0.9600382104760389, array([4647,  251,  127, 6030]))
(0.9643600180913614, 0.9627436243131194, 0.9682871860914359, 0.9769368198798116, 0.9597893729056965, array([4646,  252,  142, 6015]))
(0.9624604251469923, 0.9606833885853182, 0.9666318243949505, 0.9762871528341724, 0.9571656050955414, array([4629,  269,  146, 6011]))
(0.9588421528720036, 0.957309808745476, 0.9633330647110968, 0.97076498294624, 0.9560140754958413, array([4623,  275,  180, 5977]))
(0.9551334237901402, 0.953395790282225, 0.9600772698003864, 0.9686535650479129, 0.951651507898516, array([4595,  303,  193, 5964]))
(0.9520578923563998, 0.9505929571343767, 0.9572373729223818, 0.9634562286828001, 0.9510982844316178, array([4593,  305,  225, 5932]))
(0.9466304839439168, 0.9452820981513206, 0.9523270846800258, 0.9571219749878187, 0.9475799967840489, array([4572,  326,  264, 5893]))
(0.9465400271370421, 0.9454096307900266, 0.9521651153379198, 0.9553353906123112, 0.9490158115521136, array([4582,  316,  275, 5882]))
(0.9429217548620533, 0.9416603171152448, 0.9489606082666019, 0.9527367224297547, 0.9452143087334838, array([4558,  340,  291, 5866]))
(0.9377657168701945, 0.9361964753374226, 0.9444534151461328, 0.9499756374857885, 0.9389950232782148, array([4518,  380,  308, 5849]))
(0.9366802351876978, 0.9344913812010258, 0.9437479909996787, 0.9537112229982134, 0.9339907746142835, array([4483,  415,  285, 5872]))
(0.9328810492989598, 0.930016050012425, 0.9406589891234806, 0.9551729738509014, 0.9265794863715141, array([4432,  466,  276, 5881]))
(0.9290818634102216, 0.9286509600130464, 0.936083482797978, 0.9324346272535325, 0.9397610083483385, array([4530,  368,  416, 5741]))
(0.9143374038896427, 0.913180465050453, 0.9231143947389786, 0.923339288614585, 0.9228896103896104, array([4423,  475,  472, 5685]))
(0.9158751696065129, 0.9135799247312049, 0.9251689732861281, 0.9337339613448108, 0.9167596874501674, array([4376,  522,  408, 5749]))
(0.912618724559023, 0.9096127179287744, 0.9226705091258404, 0.9360077960045476, 0.9097079715864246, array([4326,  572,  394, 5763]))
(0.8889190411578471, 0.8856433630336931, 0.901665598975016, 0.9144063667370472, 0.8892749960511768, array([4197,  701,  527, 5630]))
