(0.9690637720488466, 0.9676761795757706, 0.9724371373307542, 0.9798603215851875, 0.9651255799072148, array([4680,  218,  124, 6033]))
(0.9678878335594754, 0.9666830929324303, 0.9713455484704173, 0.9772616534026312, 0.9655006418485238, array([4683,  215,  140, 6017]))
(0.9685210312075984, 0.9673767962090111, 0.9718992248062016, 0.977424070164041, 0.9664364862694717, array([4689,  209,  139, 6018]))
(0.9685210312075984, 0.9672932998012468, 0.9719173660426083, 0.97807373720968, 0.9658380112269447, array([4685,  213,  135, 6022]))
(0.9681592039800995, 0.9668014734628984, 0.9716220574008385, 0.9787234042553191, 0.9646230190491436, array([4677,  221,  131, 6026]))
(0.9694255992763455, 0.9682932505257653, 0.9727067183462532, 0.9782361539710898, 0.9672394411434078, array([4694,  204,  134, 6023]))
(0.9677973767526006, 0.9664348917361967, 0.9712995807803935, 0.9783985707324996, 0.9643028653753802, array([4675,  223,  133, 6024]))
(0.9679782903663501, 0.9666390567014886, 0.9714562167392357, 0.9783985707324996, 0.9646116893514812, array([4677,  221,  133, 6024]))
(0.9675260063319765, 0.9660451478804944, 0.9710833668948853, 0.9790482377781387, 0.9632470437839565, array([4668,  230,  129, 6028]))
(0.9679782903663501, 0.966701679007312, 0.9714424007744433, 0.9779113204482702, 0.9650585029652188, array([4680,  218,  136, 6021]))
(0.967345092718227, 0.9660288498326723, 0.9708847487700621, 0.9775864869254507, 0.9642742710669657, array([4675,  223,  138, 6019]))
(0.9658977838082315, 0.964499900620042, 0.969609028617493, 0.9767744031184018, 0.9625480153649167, array([4664,  234,  143, 6014]))
(0.9647218453188603, 0.9632980729572909, 0.968563598258907, 0.9757999025499432, 0.961433829412706, array([4657,  241,  149, 6008]))
(0.9633649932157394, 0.9620381990428354, 0.9673255344897136, 0.9736884846516161, 0.9610452067970503, array([4655,  243,  162, 5995]))
(0.95838986883763, 0.9569455150458338, 0.9629032258064515, 0.9696280656163716, 0.956271023546372, array([4625,  273,  187, 5970]))
(0.9565807327001357, 0.9553839697375592, 0.9612089865847746, 0.9658924801039467, 0.956570693260415, array([4628,  270,  210, 5947]))
(0.95359565807327, 0.9519108773005366, 0.9586856728678426, 0.9667045639109956, 0.9507987220447285, array([4590,  308,  205, 5952]))
(0.9502487562189055, 0.9479668326271067, 0.9558941459502807, 0.9680038980022738, 0.9440836369396484, array([4545,  353,  197, 5960]))
(0.9476255088195387, 0.9449020701206678, 0.9537133264049884, 0.9688159818093227, 0.9390743073047859, array([4511,  387,  192, 5965]))
(0.9466304839439168, 0.9438626592193264, 0.9528452685421995, 0.9681663147636836, 0.9380015735641227, array([4504,  394,  196, 5961]))
(0.9450927182270465, 0.942398620339579, 0.9514516516036152, 0.9660548968653565, 0.9372833280806807, array([4500,  398,  209, 5948]))
(0.9419267299864315, 0.9392014672819095, 0.9486482162853944, 0.9631313951599805, 0.9345941686367218, array([4483,  415,  227, 5930]))
(0.9386702849389417, 0.9349420230523037, 0.9461648404001907, 0.9676790644794543, 0.9255864533167625, array([4419,  479,  199, 5958]))
(0.9353233830845771, 0.9313737122138134, 0.9433034652287685, 0.9660548968653565, 0.9215990083669042, array([4392,  506,  209, 5948]))
(0.9310719131614654, 0.9275151701168015, 0.9393698281349459, 0.9587461426019165, 0.9207611917017626, array([4390,  508,  254, 5903]))
(0.9273631840796019, 0.9238933890807258, 0.9360414177618479, 0.9543608900438525, 0.9184120037511723, array([4376,  522,  281, 5876]))
(0.9245590230664857, 0.9208332026284058, 0.9336832061068703, 0.9535488062368036, 0.9146284467985668, array([4350,  548,  286, 5871]))
(0.9189507010402532, 0.9157982830247028, 0.9284001917852005, 0.9434789670293975, 0.9137958156363064, array([4350,  548,  348, 5809]))
(0.912618724559023, 0.9096127179287744, 0.9226705091258404, 0.9360077960045476, 0.9097079715864246, array([4326,  572,  394, 5763]))
(0.8889190411578471, 0.8856433630336931, 0.901665598975016, 0.9144063667370472, 0.8892749960511768, array([4197,  701,  527, 5630]))
