(0.9522388059701492, 0.9515694638714891, 0.9571358986848515, 0.9574468085106383, 0.9568251907157929, array([4632,  266,  262, 5895]))
(0.9537765716870195, 0.9527412653240612, 0.9586402266288953, 0.9618320610687023, 0.9554695062923524, array([4622,  276,  235, 5922]))
(0.9567616463138852, 0.9556090088047924, 0.9613581244947454, 0.965730063342537, 0.95702559150169, array([4631,  267,  211, 5946]))
(0.9592039800995025, 0.9573841530450026, 0.9637372356677655, 0.9733636511287965, 0.9542993630573249, array([4611,  287,  164, 5993]))
(0.9614654002713704, 0.9599570892130931, 0.9656728444802578, 0.9732012343673867, 0.9582600351831121, array([4637,  261,  165, 5992]))
(0.9609226594301221, 0.9593863425210994, 0.9651949726071543, 0.9728764008445672, 0.9576338928856915, array([4633,  265,  167, 5990]))
(0.9618272274988693, 0.960365419143677, 0.9659842011929712, 0.9732012343673867, 0.9588734197471596, array([4641,  257,  165, 5992]))
(0.9617367706919946, 0.9602007143552078, 0.9659228228470151, 0.9736884846516161, 0.9582800511508951, array([4637,  261,  162, 5995]))
(0.9611035730438715, 0.9595070110786271, 0.9653728458689, 0.9735260678902062, 0.9573550551030187, array([4631,  267,  163, 5994]))
(0.9603799185888738, 0.9589408404407525, 0.9646831156265118, 0.9715770667532889, 0.9578863090472378, array([4635,  263,  175, 5982]))
(0.9601990049751243, 0.9587575495774016, 0.9645218513143042, 0.9714146499918792, 0.9577261809447558, array([4634,  264,  176, 5981]))
(0.9596562641338761, 0.9582911733951132, 0.9640148458931741, 0.9702777326620107, 0.9578322911656245, array([4635,  263,  183, 5974]))
(0.9586612392582542, 0.9572100142898896, 0.9631481332150633, 0.9699528991391911, 0.9564381806534273, array([4626,  272,  185, 5972]))
(0.9578471279963817, 0.9565000129654867, 0.9623890234059725, 0.9683287315250934, 0.9565217391304348, array([4627,  271,  195, 5962]))
(0.9544097693351424, 0.9528922419501736, 0.9593613933236574, 0.9662173136267663, 0.9526020816653322, array([4602,  296,  208, 5949]))
(0.9508819538670285, 0.9490571438405682, 0.9563048201496741, 0.9650803962968978, 0.9476874003189792, array([4570,  328,  215, 5942]))
(0.9500678426051561, 0.9479296604773435, 0.955684007707129, 0.9667045639109956, 0.9449118907763137, array([4551,  347,  205, 5952]))
(0.9489823609226594, 0.9468090411952971, 0.9547278856959384, 0.9658924801039467, 0.9438184415172195, array([4544,  354,  210, 5947]))
(0.9481682496607869, 0.9459737952592479, 0.9540091500120395, 0.9652428130583076, 0.9430339574738178, array([4539,  359,  214, 5943]))
(0.9466304839439168, 0.9441966448503839, 0.9527243589743589, 0.9655676465811271, 0.9402182508303021, array([4520,  378,  212, 5945]))
(0.944640434192673, 0.9414498517855864, 0.9512350597609561, 0.9694656488549618, 0.9336774597215705, array([4474,  424,  188, 5969]))
(0.9426503844414292, 0.9393919040848444, 0.9494981679146088, 0.9680038980022738, 0.9316867281538221, array([4461,  437,  197, 5960]))
(0.9388511985526911, 0.9344573426535397, 0.9465950387106967, 0.973038817605977, 0.9215505306875865, array([4388,  510,  166, 5991]))
(0.9355042966983266, 0.9314317584655177, 0.9435158044838786, 0.9671918141952249, 0.9209712341478503, array([4387,  511,  202, 5955]))
(0.9310719131614654, 0.9266384578352757, 0.9397723680050584, 0.9655676465811271, 0.9153194765204004, array([4348,  550,  212, 5945]))
(0.9274536408864767, 0.9240372197672541, 0.9360956175298805, 0.954036056521033, 0.9188174565931487, array([4379,  519,  283, 5874]))
(0.9245590230664857, 0.9208332026284058, 0.9336832061068703, 0.9535488062368036, 0.9146284467985668, array([4350,  548,  286, 5871]))
(0.9189507010402532, 0.9157982830247028, 0.9284001917852005, 0.9434789670293975, 0.9137958156363064, array([4350,  548,  348, 5809]))
(0.912618724559023, 0.9096127179287744, 0.9226705091258404, 0.9360077960045476, 0.9097079715864246, array([4326,  572,  394, 5763]))
(0.8889190411578471, 0.8856433630336931, 0.901665598975016, 0.9144063667370472, 0.8892749960511768, array([4197,  701,  527, 5630]))
