(0.9687924016282226, 0.967432554433656, 0.9721886336154778, 0.9793730713009583, 0.9651088348271447, array([4680,  218,  127, 6030]))
(0.9685210312075984, 0.9671680551896001, 0.9719445340212834, 0.9790482377781387, 0.964943172722907, array([4679,  219,  129, 6028]))
(0.9688828584350972, 0.9674928887124198, 0.9722759509993552, 0.9796979048237778, 0.9649656055031195, array([4679,  219,  125, 6032]))
(0.9694255992763455, 0.9680845095063546, 0.9727507255723961, 0.9798603215851875, 0.9657435569073155, array([4684,  214,  124, 6033]))
(0.9691542288557214, 0.9677782620584165, 0.972515515434835, 0.9798603215851875, 0.96528, array([4681,  217,  124, 6033]))
(0.9687019448213479, 0.9675392129704209, 0.9720652349426773, 0.9777489036868605, 0.9664472628030182, array([4689,  209,  137, 6020]))
(0.968611488014473, 0.9673745081819516, 0.9720003227628499, 0.9782361539710898, 0.9658434894162925, array([4685,  213,  134, 6023]))
(0.9687019448213479, 0.9673722201548921, 0.9721012739880664, 0.9790482377781387, 0.9652522017614091, array([4681,  217,  129, 6028]))
(0.9685210312075984, 0.9670636846798947, 0.9719671338811019, 0.9798603215851875, 0.9642000958926003, array([4674,  224,  124, 6033]))
(0.967345092718227, 0.9659244793229668, 0.9709082117817713, 0.9783985707324996, 0.963531669865643, array([4670,  228,  133, 6024]))
(0.9679782903663501, 0.9665973084976065, 0.9714654199580849, 0.9787234042553191, 0.9643142902864459, array([4675,  223,  131, 6026]))
(0.9679782903663501, 0.9665138120898421, 0.97148380860319, 0.9793730713009583, 0.9637206328911619, array([4671,  227,  127, 6030]))
(0.9644504748982361, 0.9627830844899421, 0.9683804006758387, 0.977424070164041, 0.9595025510204082, array([4644,  254,  139, 6018]))
(0.9651741293532339, 0.9635371220452866, 0.9690190713768408, 0.9779113204482702, 0.960287081339713, array([4649,  249,  136, 6021]))
(0.9639077340569878, 0.9623584565115361, 0.9678666344527664, 0.9759623193113529, 0.9599041533546326, array([4647,  251,  148, 6009]))
(0.9632745364088647, 0.9614977604194266, 0.9673580961569384, 0.9770992366412213, 0.9578092660404394, array([4633,  265,  141, 6016]))
(0.9589326096788784, 0.957161402004829, 0.9634813384813384, 0.9727139840831573, 0.9544223107569721, array([4612,  286,  168, 5989]))
(0.9557666214382632, 0.9546322202092742, 0.9604592868116764, 0.9645931460126685, 0.9563607085346216, array([4627,  271,  218, 5939]))
(0.9532338308457712, 0.9517739106951868, 0.9582896329164986, 0.9645931460126685, 0.9520679705033664, array([4599,  299,  218, 5939]))
(0.9469018543645409, 0.9454213527837299, 0.9526192590200985, 0.958421309079097, 0.9468870346598203, array([4567,  331,  256, 5901]))
(0.9464495703301673, 0.9452240518996162, 0.9521190553219022, 0.9559850576579503, 0.9482841952634122, array([4577,  321,  271, 5886]))
(0.942107643600181, 0.9408250711791954, 0.9482368165642188, 0.9520870553841156, 0.944417593040116, array([4553,  345,  295, 5862]))
(0.9367706919945726, 0.9351779385380224, 0.9435698716396221, 0.9491635536787396, 0.9380417335473515, array([4512,  386,  313, 5844]))
(0.9365897783808231, 0.9342431800047921, 0.9437354522834899, 0.9548481403280819, 0.9328784512853062, array([4475,  423,  278, 5879]))
(0.9325192220714609, 0.9296285941837822, 0.9403486326563251, 0.9550105570894917, 0.9261300992282249, array([4429,  469,  277, 5880]))
(0.9295341474445952, 0.9287230162855132, 0.9366821100544582, 0.9358453792431379, 0.9375203384315002, array([4514,  384,  395, 5762]))
(0.9143374038896427, 0.913180465050453, 0.9231143947389786, 0.923339288614585, 0.9228896103896104, array([4423,  475,  472, 5685]))
(0.9158751696065129, 0.9135799247312049, 0.9251689732861281, 0.9337339613448108, 0.9167596874501674, array([4376,  522,  408, 5749]))
(0.912618724559023, 0.9096127179287744, 0.9226705091258404, 0.9360077960045476, 0.9097079715864246, array([4326,  572,  394, 5763]))
(0.8889190411578471, 0.8856433630336931, 0.901665598975016, 0.9144063667370472, 0.8892749960511768, array([4197,  701,  527, 5630]))
